19980101,
19980119,
19980216,
19980410,
19980525,
19980703,
19980907,
19981012,
19981111,
19981126,
19981225,
19990101,
19990118,
19990215,
19990402,
19990525,
19990705,
19990906,
19991011,
19991111,
19991125,
19991224,
20000103,
20000117,
20000221,
20000421,
20000525,
20000704,
20000904,
20001009,
20001110,
20001123,
20001225,
20010101,
20010115,
20010219,
20010413,
20010525,
20010704,
20010903,
20011008,
20011112,
20011122,
20011225,
20020101,
20020121,
20020218,
20020329,
20020525,
20020704,
20020902,
20021014,
20021111,
20021128,
20021225,
20030101,
20030120,
20030217,
20030418,
20030525,
20030704,
20030901,
20031013,
20031111,
20031127,
20031225,
20040101,
20040119,
20040216,
20040409,
20040525,
20040705,
20040906,
20041011,
20041111,
20041125,
20041224,
20050103,
20050117,
20050221,
20050325,
20050525,
20050704,
20050905,
20051010,
20051111,
20051124,
20051226,
20060102,
20060116,
20060220,
20060414,
20060525,
20060704,
20060904,
20061009,
20061110,
20061123,
20061225,
20070101,
20070115,
20070219,
20070406,
20070525,
20070704,
20070903,
20071008,
20071112,
20071122,
20071225,
20080101,
20080121,
20080218,
20080321,
20080525,
20080704,
20080901,
20081013,
20081111,
20081127,
20081225,
20090101,
20090119,
20090216,
20090410,
20090525,
20090703,
20090907,
20091012,
20091111,
20091126,
20091225,
20100101,
20100118,
20100215,
20100402,
20100525,
20100705,
20100906,
20101011,
20101111,
20101125,
20101224,
20110103,
20110117,
20110221,
20110422,
20110525,
20110704,
20110905,
20111010,
20111111,
20111124,
20111226,
20120102,
20120116,
20120220,
20120406,
20120525,
20120704,
20120903,
20121008,
20121112,
20121122,
20121225,
20130101,
20130121,
20130218,
20130329,
20130525,
20130704,
20130902,
20131014,
20131111,
20131128,
20131225,
20140101,
20140120,
20140217,
20140418,
20140525,
20140704,
20140901,
20141013,
20141111,
20141127,
20141225,
20150101,
20150119,
20150216,
20150403,
20150525,
20150703,
20150907,
20151012,
20151111,
20151126,
20151225,
20160101,
20160118,
20160215,
20160325,
20160525,
20160704,
20160905,
20161010,
20161111,
20161124,
20161226,
20170102,
20170116,
20170220,
20170414,
20170525,
20170704,
20170904,
20171009,
20171110,
20171123,
20171225,
20180101,
20180115,
20180219,
20180330,
20180525,
20180704,
20180903,
20181008,
20181112,
20181122,
20181225,
20190101,
20190121,
20190218,
20190419,
20190525,
20190704,
20190902,
20191014,
20191111,
20191128,
20191225,
20200101,
20200120,
20200217,
20200410,
20200525,
20200703,
20200907,
20201012,
20201111,
20201126,
20201225,
20210101,
20210118,
20210215,
20210402,
20210525,
20210705,
20210906,
20211011,
20211111,
20211125,
20211224,
20220103,
20220117,
20220221,
20220415,
20220525,
20220704,
20220905,
20221010,
20221111,
20221124,
20221226,
20230102,
20230116,
20230220,
20230407,
20230525,
20230704,
20230904,
20231009,
20231110,
20231123,
20231225,
20240101,
20240115,
20240219,
20240329,
20240525,
20240704,
20240902,
20241014,
20241111,
20241128,
20241225,
20250101,
20250120,
20250217,
20250418,
20250525,
20250704,
20250901,
20251013,
20251111,
20251127,
20251225,
20260101,
20260119,
20260216,
20260403,
20260525,
20260703,
20260907,
20261012,
20261111,
20261126,
20261225,
20270101,
20270118,
20270215,
20270326,
20270525,
20270705,
20270906,
20271011,
20271111,
20271125,
20271224,
20280103,
20280117,
20280221,
20280414,
20280525,
20280704,
20280904,
20281009,
20281110,
20281123,
20281225,
20290101,
20290115,
20290219,
20290330,
20290525,
20290704,
20290903,
20291008,
20291112,
20291122,
20291225,
20300101,
20300121,
20300218,
20300419,
20300525,
20300704,
20300902,
20301014,
20301111,
20301128,
20301225,
20310101,
20310120,
20310217,
20310411,
20310525,
20310704,
20310901,
20311013,
20311111,
20311127,
20311225,
20320101,
20320119,
20320216,
20320326,
20320525,
20320705,
20320906,
20321011,
20321111,
20321125,
20321224,
20330103,
20330117,
20330221,
20330415,
20330525,
20330704,
20330905,
20331010,
20331111,
20331124,
20331226,
20340102,
20340116,
20340220,
20340407,
20340525,
20340704,
20340904,
20341009,
20341110,
20341123,
20341225,
20350101,
20350115,
20350219,
20350323,
20350525,
20350704,
20350903,
20351008,
20351112,
20351122,
20351225,
20360101,
20360121,
20360218,
20360411,
20360525,
20360704,
20360901,
20361013,
20361111,
20361127,
20361225,
20370101,
20370119,
20370216,
20370403,
20370525,
20370703,
20370907,
20371012,
20371111,
20371126,
20371225,
20380101,
20380118,
20380215,
20380423,
20380525,
20380705,
20380906,
20381011,
20381111,
20381125,
20381224,
20390103,
20390117,
20390221,
20390408,
20390525,
20390704,
20390905,
20391010,
20391111,
20391124,
20391226,
20400102,
20400116,
20400220,
20400330,
20400525,
20400704,
20400903,
20401008,
20401112,
20401122,
20401225,
20410101,
20410121,
20410218,
20410419,
20410525,
20410704,
20410902,
20411014,
20411111,
20411128,
20411225,
20420101,
20420120,
20420217,
20420404,
20420525,
20420704,
20420901,
20421013,
20421111,
20421127,
20421225,
20430101,
20430119,
20430216,
20430327,
20430525,
20430703,
20430907,
20431012,
20431111,
20431126,
20431225,
20440101,
20440118,
20440215,
20440415,
20440525,
20440704,
20440905,
20441010,
20441111,
20441124,
20441226,
20450102,
20450116,
20450220,
20450407,
20450525,
20450704,
20450904,
20451009,
20451110,
20451123,
20451225,
20460101,
20460115,
20460219,
20460323,
20460525,
20460704,
20460903,
20461008,
20461112,
20461122,
20461225,
20470101,
20470121,
20470218,
20470412,
20470525,
20470704,
20470902,
20471014,
20471111,
20471128,
20471225,
20480101,
20480120,
20480217,
20480403,
20480525,
20480703,
20480907,
20481012,
20481111,
20481126,
20481225,
20490101,
20490118,
20490215,
20490416,
20490525,
20490705,
20490906,
20491011,
20491111,
20491125,
20491224,
20500103,
20500117,
20500221,
20500408,
20500525,
20500704,
20500905,
20501010,
20501111,
20501124,
20501226,
20510102,
20510116,
20510220,
20510331,
20510525,
20510704,
20510904,
20511009,
20511110,
20511123,
20511225,
20520101,
20520115,
20520219,
20520419,
20520525,
20520704,
20520902,
20521014,
20521111,
20521128,
20521225,
20530101,
20530120,
20530217,
20530404,
20530525,
20530704,
20530901,
20531013,
20531111,
20531127,
20531225,
20540101,
20540119,
20540216,
20540327,
20540525,
20540703,
20540907,
20541012,
20541111,
20541126,
20541225,
20550101,
20550118,
20550215,
20550416,
20550525,
20550705,
20550906,
20551011,
20551111,
20551125,
20551224,
20560103,
20560117,
20560221,
20560331,
20560525,
20560704,
20560904,
20561009,
20561110,
20561123,
20561225,
20570101,
20570115,
20570219,
20570420,
20570525,
20570704,
20570903,
20571008,
20571112,
20571122,
20571225,
20580101,
20580121,
20580218,
20580412,
20580525,
20580704,
20580902,
20581014,
20581111,
20581128,
20581225,
20590101,
20590120,
20590217,
20590328,
20590525,
20590704,
20590901,
20591013,
20591111,
20591127,
20591225,
20600101,
20600119,
20600216,
20600416,
20600525,
20600705,
20600906,
20601011,
20601111,
20601125,
20601224,
20610103,
20610117,
20610221,
20610408,
20610525,
20610704,
20610905,
20611010,
20611111,
20611124,
20611226,
20620102,
20620116,
20620220,
20620324,
20620525,
20620704,
20620904,
20621009,
20621110,
20621123,
20621225,
20630101,
20630115,
20630219,
20630413,
20630525,
20630704,
20630903,
20631008,
20631112,
20631122,
20631225,
20640101,
20640121,
20640218,
20640404,
20640525,
20640704,
20640901,
20641013,
20641111,
20641127,
20641225,
20650101,
20650119,
20650216,
20650327,
20650525,
20650703,
20650907,
20651012,
20651111,
20651126,
20651225,
20660101,
20660118,
20660215,
20660409,
20660525,
20660705,
20660906,
20661011,
20661111,
20661125,
20661224,
20670103,
20670117,
20670221,
20670401,
20670525,
20670704,
20670905,
20671010,
20671111,
20671124,
20671226,
20680102,
20680116,
20680220,
20680420,
20680525,
20680704,
20680903,
20681008,
20681112,
20681122,
20681225,
20690101,
20690121,
20690218,
20690412,
20690525,
20690704,
20690902,
20691014,
20691111,
20691128,
20691225,
20700101,
20700120,
20700217,
20700328,
20700525,
20700704,
20700901,
20701013,
20701111,
20701127,
20701225,
20710101,
20710119,
20710216,
20710417,
20710525,
20710703,
20710907,
20711012,
20711111,
20711126,
20711225,
20720101,
20720118,
20720215,
20720408,
20720525,
20720704,
20720905,
20721010,
20721111,
20721124,
20721226,
20730102,
20730116,
20730220,
20730324,
20730525,
20730704,
20730904,
20731009,
20731110,
20731123,
20731225,
20740101,
20740115,
20740219,
20740413,
20740525,
20740704,
20740903,
20741008,
20741112,
20741122,
20741225,
20750101,
20750121,
20750218,
20750405,
20750525,
20750704,
20750902,
20751014,
20751111,
20751128,
20751225,
20760101,
20760120,
20760217,
20760417,
20760525,
20760703,
20760907,
20761012,
20761111,
20761126,
20761225,
20770101,
20770118,
20770215,
20770409,
20770525,
20770705,
20770906,
20771011,
20771111,
20771125,
20771224,
20780103,
20780117,
20780221,
20780401,
20780525,
20780704,
20780905,
20781010,
20781111,
20781124,
20781226,
20790102,
20790116,
20790220,
20790421,
20790525,
20790704,
20790904,
20791009,
20791110,
20791123,
20791225,
20800101,
20800115,
20800219,
20800405,
20800525,
20800704,
20800902,
20801014,
20801111,
20801128,
20801225,
20810101,
20810120,
20810217,
20810328,
20810525,
20810704,
20810901,
20811013,
20811111,
20811127,
20811225,
20820101,
20820119,
20820216,
20820417,
20820525,
20820703,
20820907,
20821012,
20821111,
20821126,
20821225,
20830101,
20830118,
20830215,
20830402,
20830525,
20830705,
20830906,
20831011,
20831111,
20831125,
20831224,
20840103,
20840117,
20840221,
20840324,
20840525,
20840704,
20840904,
20841009,
20841110,
20841123,
20841225,
20850101,
20850115,
20850219,
20850413,
20850525,
20850704,
20850903,
20851008,
20851112,
20851122,
20851225,
20860101,
20860121,
20860218,
20860329,
20860525,
20860704,
20860902,
20861014,
20861111,
20861128,
20861225,
20870101,
20870120,
20870217,
20870418,
20870525,
20870704,
20870901,
20871013,
20871111,
20871127,
20871225,
20880101,
20880119,
20880216,
20880409,
20880525,
20880705,
20880906,
20881011,
20881111,
20881125,
20881224,
20890103,
20890117,
20890221,
20890401,
20890525,
20890704,
20890905,
20891010,
20891111,
20891124,
20891226,
20900102,
20900116,
20900220,
20900414,
20900525,
20900704,
20900904,
20901009,
20901110,
20901123,
20901225,
20910101,
20910115,
20910219,
20910406,
20910525,
20910704,
20910903,
20911008,
20911112,
20911122,
20911225,
20920101,
20920121,
20920218,
20920328,
20920525,
20920704,
20920901,
20921013,
20921111,
20921127,
20921225,
20930101,
20930119,
20930216,
20930410,
20930525,
20930703,
20930907,
20931012,
20931111,
20931126,
20931225,
20940101,
20940118,
20940215,
20940402,
20940525,
20940705,
20940906,
20941011,
20941111,
20941125,
20941224,
20950103,
20950117,
20950221,
20950422,
20950525,
20950704,
20950905,
20951010,
20951111,
20951124,
20951226,
20960102,
20960116,
20960220,
20960413,
20960525,
20960704,
20960903,
20961008,
20961112,
20961122,
20961225,
20970101,
20970121,
20970218,
20970329,
20970525,
20970704,
20970902,
20971014,
20971111,
20971128,
20971225,
20980101,
20980120,
20980217,
20980418,
20980525,
20980704,
20980901,
20981013,
20981111,
20981127,
20981225,
20990101,
20990119,
20990216,
20990410,
20990525,
20990703,
20990907,
20991012,
20991111,
20991126,
20991225,
21000101,
21000118,
21000215,
21000326,
21000525,
21000705,
21000906,
21001011,
21001111,
21001125,
21001224,
21010103,
21010117,
21010221,
21010415,
21010525,
21010704,
21010905,
21011010,
21011111,
21011124,
21011226,
21020102,
21020116,
21020220,
21020407,
21020525,
21020704,
21020904,
21021009,
21021110,
21021123,
21021225,
21030101,
21030115,
21030219,
21030323,
21030525,
21030704,
21030903,
21031008,
21031112,
21031122,
21031225,
21040101,
21040121,
21040218,
21040411,
21040525,
21040704,
21040901,
21041013,
21041111,
21041127,
21041225,
21050101,
21050119,
21050216,
21050403,
21050525,
21050703,
21050907,
21051012,
21051111,
21051126,
21051225,
21060101,
21060118,
21060215,
21060416,
21060525,
21060705,
21060906,
21061011,
21061111,
21061125,
21061224,
21070103,
21070117,
21070221,
21070408,
21070525,
21070704,
21070905,
21071010,
21071111,
21071124,
21071226,
21080102,
21080116,
21080220,
21080330,
21080525,
21080704,
21080903,
21081008,
21081112,
21081122,
21081225,
21090101,
21090121,
21090218,
21090419,
21090525,
21090704,
21090902,
21091014,
21091111,
21091128,
21091225,
21100101,
21100120,
21100217,
21100404,
21100525,
21100704,
21100901,
21101013,
21101111,
21101127,
21101225,
21110101,
21110119,
21110216,
21110327,
21110525,
21110703,
21110907,
21111012,
21111111,
21111126,
21111225,
