19980101,
19980525,
19980703,
19980907,
19981126,
19981225,
19990101,
19990525,
19990705,
19990906,
19991125,
19991224,
20000103,
20000525,
20000704,
20000904,
20001123,
20001225,
20010101,
20010525,
20010704,
20010903,
20011122,
20011225,
20020101,
20020525,
20020704,
20020902,
20021128,
20021225,
20030101,
20030525,
20030704,
20030901,
20031127,
20031225,
20040101,
20040525,
20040705,
20040906,
20041125,
20041224,
20050103,
20050525,
20050704,
20050905,
20051124,
20051226,
20060102,
20060525,
20060704,
20060904,
20061123,
20061225,
20070101,
20070525,
20070704,
20070903,
20071122,
20071225,
20080101,
20080525,
20080704,
20080901,
20081127,
20081225,
20090101,
20090525,
20090703,
20090907,
20091126,
20091225,
20100101,
20100525,
20100705,
20100906,
20101125,
20101224,
20110103,
20110525,
20110704,
20110905,
20111124,
20111226,
20120102,
20120525,
20120704,
20120903,
20121122,
20121225,
20130101,
20130525,
20130704,
20130902,
20131128,
20131225,
20140101,
20140525,
20140704,
20140901,
20141127,
20141225,
20150101,
20150525,
20150703,
20150907,
20151126,
20151225,
20160101,
20160525,
20160704,
20160905,
20161124,
20161226,
20170102,
20170525,
20170704,
20170904,
20171123,
20171225,
20180101,
20180525,
20180704,
20180903,
20181122,
20181225,
20190101,
20190525,
20190704,
20190902,
20191128,
20191225,
20200101,
20200525,
20200703,
20200907,
20201126,
20201225,
20210101,
20210525,
20210705,
20210906,
20211125,
20211224,
20220103,
20220525,
20220704,
20220905,
20221124,
20221226,
20230102,
20230525,
20230704,
20230904,
20231123,
20231225,
20240101,
20240525,
20240704,
20240902,
20241128,
20241225,
20250101,
20250525,
20250704,
20250901,
20251127,
20251225,
20260101,
20260525,
20260703,
20260907,
20261126,
20261225,
20270101,
20270525,
20270705,
20270906,
20271125,
20271224,
20280103,
20280525,
20280704,
20280904,
20281123,
20281225,
20290101,
20290525,
20290704,
20290903,
20291122,
20291225,
20300101,
20300525,
20300704,
20300902,
20301128,
20301225,
20310101,
20310525,
20310704,
20310901,
20311127,
20311225,
20320101,
20320525,
20320705,
20320906,
20321125,
20321224,
20330103,
20330525,
20330704,
20330905,
20331124,
20331226,
20340102,
20340525,
20340704,
20340904,
20341123,
20341225,
20350101,
20350525,
20350704,
20350903,
20351122,
20351225,
20360101,
20360525,
20360704,
20360901,
20361127,
20361225,
20370101,
20370525,
20370703,
20370907,
20371126,
20371225,
20380101,
20380525,
20380705,
20380906,
20381125,
20381224,
20390103,
20390525,
20390704,
20390905,
20391124,
20391226,
20400102,
20400525,
20400704,
20400903,
20401122,
20401225,
20410101,
20410525,
20410704,
20410902,
20411128,
20411225,
20420101,
20420525,
20420704,
20420901,
20421127,
20421225,
20430101,
20430525,
20430703,
20430907,
20431126,
20431225,
20440101,
20440525,
20440704,
20440905,
20441124,
20441226,
20450102,
20450525,
20450704,
20450904,
20451123,
20451225,
20460101,
20460525,
20460704,
20460903,
20461122,
20461225,
20470101,
20470525,
20470704,
20470902,
20471128,
20471225,
20480101,
20480525,
20480703,
20480907,
20481126,
20481225,
20490101,
20490525,
20490705,
20490906,
20491125,
20491224,
20500103,
20500525,
20500704,
20500905,
20501124,
20501226,
20510102,
20510525,
20510704,
20510904,
20511123,
20511225,
20520101,
20520525,
20520704,
20520902,
20521128,
20521225,
20530101,
20530525,
20530704,
20530901,
20531127,
20531225,
20540101,
20540525,
20540703,
20540907,
20541126,
20541225,
20550101,
20550525,
20550705,
20550906,
20551125,
20551224,
20560103,
20560525,
20560704,
20560904,
20561123,
20561225,
20570101,
20570525,
20570704,
20570903,
20571122,
20571225,
20580101,
20580525,
20580704,
20580902,
20581128,
20581225,
20590101,
20590525,
20590704,
20590901,
20591127,
20591225,
20600101,
20600525,
20600705,
20600906,
20601125,
20601224,
20610103,
20610525,
20610704,
20610905,
20611124,
20611226,
20620102,
20620525,
20620704,
20620904,
20621123,
20621225,
20630101,
20630525,
20630704,
20630903,
20631122,
20631225,
20640101,
20640525,
20640704,
20640901,
20641127,
20641225,
20650101,
20650525,
20650703,
20650907,
20651126,
20651225,
20660101,
20660525,
20660705,
20660906,
20661125,
20661224,
20670103,
20670525,
20670704,
20670905,
20671124,
20671226,
20680102,
20680525,
20680704,
20680903,
20681122,
20681225,
20690101,
20690525,
20690704,
20690902,
20691128,
20691225,
20700101,
20700525,
20700704,
20700901,
20701127,
20701225,
20710101,
20710525,
20710703,
20710907,
20711126,
20711225,
20720101,
20720525,
20720704,
20720905,
20721124,
20721226,
20730102,
20730525,
20730704,
20730904,
20731123,
20731225,
20740101,
20740525,
20740704,
20740903,
20741122,
20741225,
20750101,
20750525,
20750704,
20750902,
20751128,
20751225,
20760101,
20760525,
20760703,
20760907,
20761126,
20761225,
20770101,
20770525,
20770705,
20770906,
20771125,
20771224,
20780103,
20780525,
20780704,
20780905,
20781124,
20781226,
20790102,
20790525,
20790704,
20790904,
20791123,
20791225,
20800101,
20800525,
20800704,
20800902,
20801128,
20801225,
20810101,
20810525,
20810704,
20810901,
20811127,
20811225,
20820101,
20820525,
20820703,
20820907,
20821126,
20821225,
20830101,
20830525,
20830705,
20830906,
20831125,
20831224,
20840103,
20840525,
20840704,
20840904,
20841123,
20841225,
20850101,
20850525,
20850704,
20850903,
20851122,
20851225,
20860101,
20860525,
20860704,
20860902,
20861128,
20861225,
20870101,
20870525,
20870704,
20870901,
20871127,
20871225,
20880101,
20880525,
20880705,
20880906,
20881125,
20881224,
20890103,
20890525,
20890704,
20890905,
20891124,
20891226,
20900102,
20900525,
20900704,
20900904,
20901123,
20901225,
20910101,
20910525,
20910704,
20910903,
20911122,
20911225,
20920101,
20920525,
20920704,
20920901,
20921127,
20921225,
20930101,
20930525,
20930703,
20930907,
20931126,
20931225,
20940101,
20940525,
20940705,
20940906,
20941125,
20941224,
20950103,
20950525,
20950704,
20950905,
20951124,
20951226,
20960102,
20960525,
20960704,
20960903,
20961122,
20961225,
20970101,
20970525,
20970704,
20970902,
20971128,
20971225,
20980101,
20980525,
20980704,
20980901,
20981127,
20981225,
20990101,
20990525,
20990703,
20990907,
20991126,
20991225,
21000101,
21000525,
21000705,
21000906,
21001125,
21001224,
21010103,
21010525,
21010704,
21010905,
21011124,
21011226,
21020102,
21020525,
21020704,
21020904,
21021123,
21021225,
21030101,
21030525,
21030704,
21030903,
21031122,
21031225,
21040101,
21040525,
21040704,
21040901,
21041127,
21041225,
21050101,
21050525,
21050703,
21050907,
21051126,
21051225,
21060101,
21060525,
21060705,
21060906,
21061125,
21061224,
21070103,
21070525,
21070704,
21070905,
21071124,
21071226,
21080102,
21080525,
21080704,
21080903,
21081122,
21081225,
21090101,
21090525,
21090704,
21090902,
21091128,
21091225,
21100101,
21100525,
21100704,
21100901,
21101127,
21101225,
21110101,
21110525,
21110703,
21110907,
21111126,
21111225,
